-7.500000000000000000e+00 7.500000000000000000e+00
-7.400000000000019895e+00 7.499999999998580691e+00
-7.299999999999999822e+00 7.500000000000000000e+00
-7.199999999999941558e+00 7.500000000004259704e+00
-7.100000000000000533e+00 7.500000000000000000e+00
-7.000000000000215827e+00 7.499999999984382271e+00
-6.899999999999999467e+00 7.500000000000000000e+00
-6.799999999999195133e+00 7.500000000058211214e+00
-6.700000000000000178e+00 7.500000000000000000e+00
-6.600000000003002576e+00 7.499999999782772875e+00
-6.500000000000000000e+00 7.500000000000000000e+00
-6.399999999988796873e+00 7.500000000810696399e+00
-6.299999999999999822e+00 7.500000000000000000e+00
-6.200000000041811177e+00 7.499999996974442418e+00
-6.099999999999999645e+00 7.500000000000000000e+00
-5.999999999843954157e+00 7.500000011291533930e+00
-5.900000000000000355e+00 7.500000000000000000e+00
-5.800000000582367754e+00 7.499999957859422750e+00
-5.700000000000000178e+00 7.500000000000000000e+00
-5.599999997826572873e+00 7.500000157270775958e+00
-5.500000000000000000e+00 7.500000000000000000e+00
-5.400000008111338623e+00 7.499999413057470754e+00
-5.299999999999999822e+00 7.500000000000000000e+00
-5.199999969728070326e+00 7.500002190499340138e+00
-5.099999999999999645e+00 7.500000000000000000e+00
-5.000000112976382916e+00 7.499991824945166918e+00
-4.899999999999999467e+00 7.500000000000000000e+00
-4.799999578366400677e+00 7.500030509719990413e+00
-4.700000000000000178e+00 7.500000000000000000e+00
-4.600001573558015977e+00 7.499886136174870543e+00
-4.500000000000000000e+00 7.500000000000000000e+00
-4.399994223649693836e+00 7.500355592311999331e+00
-4.300000769985262039e+00 7.499445173851784219e+00
-4.200061274458754212e+00 7.495659515256175354e+00
-4.100300224116266712e+00 7.488505070598677094e+00
-4.000857883429757678e+00 7.477815458114259073e+00
-3.901854808000244201e+00 7.463617112357632699e+00
-3.803407693552963487e+00 7.445973459339812806e+00
-3.705637468587040129e+00 7.424903440395217658e+00
-3.608665444047403525e+00 7.400419674025878969e+00
-3.512610248728128770e+00 7.372553787671973780e+00
-3.417589511376377676e+00 7.341342613049719468e+00
-3.323719539237209197e+00 7.306824852088196209e+00
-3.231115765374538373e+00 7.269041257439077697e+00
-3.139891454570114870e+00 7.228038884448658052e+00
-3.050158725587467590e+00 7.183867594027342207e+00
-2.962027285972908874e+00 7.136582168938521598e+00
-2.875605538519084181e+00 7.086239890882066739e+00
-2.790999084728464918e+00 7.032903107840662749e+00
-2.708312040280155486e+00 6.976636627975786986e+00
-2.627645385842481307e+00 6.917510030172407731e+00
-2.549098450141133565e+00 6.855595227766305477e+00
-2.472767097018513383e+00 6.790968697120457698e+00
-2.398745378377717952e+00 6.723709131889797241e+00
-2.327123571814365910e+00 6.653899528876527469e+00
-2.257989992141029134e+00 6.581624968790861452e+00
-2.191428886610866211e+00 6.506974562559887154e+00
-2.127522399386613028e+00 6.430039362803867675e+00
-2.066348339617427587e+00 6.350914157346184474e+00
-2.007982279455166719e+00 6.269695523711772189e+00
-1.952495188733272879e+00 6.186483462603811212e+00
-1.899955692126230833e+00 6.101379603248164862e+00
-1.850427645793538467e+00 6.014488666410898077e+00
-1.803972408788445225e+00 5.925916834071302652e+00
-1.760646135742013563e+00 5.835773043025652029e+00
-1.720502551253753065e+00 5.744167509737130750e+00
-1.683590858894648434e+00 5.651212817852878878e+00
-1.649957137904382698e+00 5.557022669297603912e+00
-1.619639570010518614e+00 5.461712873536722412e+00
-1.592675425572430914e+00 5.365400092543588073e+00
-1.569105973910876584e+00 5.268202304936428604e+00
-1.548962975270775866e+00 5.170238441701563659e+00
-1.532237211272018840e+00 5.071629897241123786e+00
-1.518941849242437137e+00 4.972497730478490752e+00
-1.509216482852188568e+00 4.872959342997948973e+00
-1.503103619882899311e+00 4.773135686847152392e+00
-1.500147114424507322e+00 4.673165031376143475e+00
-1.499593310695376047e+00 4.573166095565801115e+00
-1.500003243033082967e+00 4.473165058288135931e+00
-1.500114232681839521e+00 4.373164788232673850e+00
-1.499999131031904298e+00 4.273165068293289792e+00
-1.499969391445151512e+00 4.173165140654433003e+00
-1.500000232839299397e+00 4.073165065612415425e+00
-1.500008201537553765e+00 3.973165046223306796e+00
-1.499999937610897671e+00 3.873165066330754858e+00
-1.499997802404632985e+00 3.773165071526051406e+00
-1.500000016717109474e+00 3.673165066138276647e+00
-1.500000588843913629e+00 3.573165064746199437e+00
-1.499999995520663765e+00 3.473165066189848993e+00
-1.499999842219712498e+00 3.373165066562854975e+00
-1.500000001200235689e+00 3.273165066176030535e+00
-1.500000042277236600e+00 3.173165066076083729e+00
-1.499999999678393925e+00 3.073165066179731397e+00
-1.499999988671341100e+00 2.973165066206513441e+00
-1.500000000086188390e+00 2.873165066178739124e+00
-1.500000003037398999e+00 2.773165066171558557e+00
-1.499999999976851850e+00 2.673165066179004068e+00
-1.499999999221163449e+00 2.573165066180843397e+00
